[DEFAULT]
delay = 0.4
showtime = 5.0
hotkey = `
resolution = 1920x1080
distance_color = [114.48235321044922, 216.24705505371094, 0.0, 255.0]
azimuth_color = [240.0, 255.0, 0.0, 255.0]

